
power = 2573.40667362101
throughput = 8970.16
composite = 4804.56757757118
